R2P16-V3
2
16
20
30
10 1 2 3 4 5 6 7 8 9 10
10 11 12 13 14 15 16 17 18 19 20
4 1 2 3 4
3 1 2 3
3 1 2 3
4 1 2 3 4
4 1 2 3 4
5 1 2 3 4 5
4 1 2 3 4
3 1 2 3
2 1 2
5 1 2 3 4 5
5 1 2 3 4 5
4 1 2 3 4
5 1 2 3 4 5
2 1 2
4 1 2 3 4
3 1 2 3
0.485341 0.700793 1.05251 0.593483 0.518545 0.880025 0.761577 0.94104 0.549747 1.08525 0.880025 0.827983 1.56241 1.51181 1.415 1.35688 
1.424 0.687184 0.46428 1.66667 1.11803 1.17851 0.372678 1 1.53659 0.795124 0.527046 0.333333 0.666667 0.971825 0.372678 0.333333 
0.485341 1.424 
0.700793 0.687184 
1.05251 0.46428 
0.593483 1.66667 
0.518545 1.11803 
0.880025 1.17851 
0.761577 0.372678 
0.94104 1 
0.549747 1.53659 
1.08525 0.795124 
0.880025 0.527046 
0.827983 0.333333 
1.56241 0.666667 
1.51181 0.971825 
1.415 0.372678 
1.35688 0.333333 
1
4 0.166667 0.166667 0.166667 0.166667
3 0.166667 0.166667 0.166667
3 0.166667 0.166667 0.166667
4 0.166667 0.166667 0.166667 0.166667
4 0.166667 0.166667 0.166667 0.166667
5 0.166667 0.166667 0.166667 0.166667 0.166667
4 0.166667 0.166667 0.166667 0.166667
3 0.166667 0.166667 0.166667
2 0.166667 0.166667
5 0.166667 0.166667 0.166667 0.166667 0.166667
5 0.166667 0.166667 0.166667 0.166667 0.166667
4 0.166667 0.166667 0.166667 0.166667
5 0.166667 0.166667 0.166667 0.166667 0.166667
2 0.166667 0.166667
4 0.166667 0.166667 0.166667 0.166667
3 0.166667 0.166667 0.166667
2
4 0.166667 0.166667 0.166667 0.166667
3 0.166667 0.166667 0.166667
3 0.166667 0.166667 0.166667
4 0.166667 0.166667 0.166667 0.166667
4 0.166667 0.166667 0.166667 0.166667
5 0.166667 0.166667 0.166667 0.166667 0.166667
4 0.166667 0.166667 0.166667 0.166667
3 0.166667 0.166667 0.166667
2 0.166667 0.166667
5 0.166667 0.166667 0.166667 0.166667 0.166667
5 0.166667 0.166667 0.166667 0.166667 0.166667
4 0.166667 0.166667 0.166667 0.166667
5 0.166667 0.166667 0.166667 0.166667 0.166667
2 0.166667 0.166667
4 0.166667 0.166667 0.166667 0.166667
3 0.166667 0.166667 0.166667
3
4 0.166667 0.166667 0.166667 0.166667
3 0.166667 0.166667 0.166667
3 0.166667 0.166667 0.166667
4 0.166667 0.166667 0.166667 0.166667
4 0.166667 0.166667 0.166667 0.166667
5 0.166667 0.166667 0.166667 0.166667 0.166667
4 0.166667 0.166667 0.166667 0.166667
3 0.166667 0.166667 0.166667
2 0.166667 0.166667
5 0.166667 0.166667 0.166667 0.166667 0.166667
5 0.166667 0.166667 0.166667 0.166667 0.166667
4 0.166667 0.166667 0.166667 0.166667
5 0.166667 0.166667 0.166667 0.166667 0.166667
2 0.166667 0.166667
4 0.166667 0.166667 0.166667 0.166667
3 0.166667 0.166667 0.166667
4
4 0.166667 0.166667 0.166667 0.166667
3 0.166667 0.166667 0.166667
3 0.166667 0.166667 0.166667
4 0.166667 0.166667 0.166667 0.166667
4 0.166667 0.166667 0.166667 0.166667
5 0.166667 0.166667 0.166667 0.166667 0.166667
4 0.166667 0.166667 0.166667 0.166667
3 0.166667 0.166667 0.166667
2 0.166667 0.166667
5 0.166667 0.166667 0.166667 0.166667 0.166667
5 0.166667 0.166667 0.166667 0.166667 0.166667
4 0.166667 0.166667 0.166667 0.166667
5 0.166667 0.166667 0.166667 0.166667 0.166667
2 0.166667 0.166667
4 0.166667 0.166667 0.166667 0.166667
3 0.166667 0.166667 0.166667
5
4 0.166667 0.166667 0.166667 0.166667
3 0.166667 0.166667 0.166667
3 0.166667 0.166667 0.166667
4 0.166667 0.166667 0.166667 0.166667
4 0.166667 0.166667 0.166667 0.166667
5 0.166667 0.166667 0.166667 0.166667 0.166667
4 0.166667 0.166667 0.166667 0.166667
3 0.166667 0.166667 0.166667
2 0.166667 0.166667
5 0.166667 0.166667 0.166667 0.166667 0.166667
5 0.166667 0.166667 0.166667 0.166667 0.166667
4 0.166667 0.166667 0.166667 0.166667
5 0.166667 0.166667 0.166667 0.166667 0.166667
2 0.166667 0.166667
4 0.166667 0.166667 0.166667 0.166667
3 0.166667 0.166667 0.166667
6
4 0.166667 0.166667 0.166667 0.166667
3 0.166667 0.166667 0.166667
3 0.166667 0.166667 0.166667
4 0.166667 0.166667 0.166667 0.166667
4 0.166667 0.166667 0.166667 0.166667
5 0.166667 0.166667 0.166667 0.166667 0.166667
4 0.166667 0.166667 0.166667 0.166667
3 0.166667 0.166667 0.166667
2 0.166667 0.166667
5 0.166667 0.166667 0.166667 0.166667 0.166667
5 0.166667 0.166667 0.166667 0.166667 0.166667
4 0.166667 0.166667 0.166667 0.166667
5 0.166667 0.166667 0.166667 0.166667 0.166667
2 0.166667 0.166667
4 0.166667 0.166667 0.166667 0.166667
3 0.166667 0.166667 0.166667
7
4 0.166667 0.166667 0.166667 0.166667
3 0.166667 0.166667 0.166667
3 0.166667 0.166667 0.166667
4 0.166667 0.166667 0.166667 0.166667
4 0.166667 0.166667 0.166667 0.166667
5 0.166667 0.166667 0.166667 0.166667 0.166667
4 0.166667 0.166667 0.166667 0.166667
3 0.166667 0.166667 0.166667
2 0.166667 0.166667
5 0.166667 0.166667 0.166667 0.166667 0.166667
5 0.166667 0.166667 0.166667 0.166667 0.166667
4 0.166667 0.166667 0.166667 0.166667
5 0.166667 0.166667 0.166667 0.166667 0.166667
2 0.166667 0.166667
4 0.166667 0.166667 0.166667 0.166667
3 0.166667 0.166667 0.166667
8
4 0.166667 0.166667 0.166667 0.166667
3 0.166667 0.166667 0.166667
3 0.166667 0.166667 0.166667
4 0.166667 0.166667 0.166667 0.166667
4 0.166667 0.166667 0.166667 0.166667
5 0.166667 0.166667 0.166667 0.166667 0.166667
4 0.166667 0.166667 0.166667 0.166667
3 0.166667 0.166667 0.166667
2 0.166667 0.166667
5 0.166667 0.166667 0.166667 0.166667 0.166667
5 0.166667 0.166667 0.166667 0.166667 0.166667
4 0.166667 0.166667 0.166667 0.166667
5 0.166667 0.166667 0.166667 0.166667 0.166667
2 0.166667 0.166667
4 0.166667 0.166667 0.166667 0.166667
3 0.166667 0.166667 0.166667
9
4 0.166667 0.166667 0.166667 0.166667
3 0.166667 0.166667 0.166667
3 0.166667 0.166667 0.166667
4 0.166667 0.166667 0.166667 0.166667
4 0.166667 0.166667 0.166667 0.166667
5 0.166667 0.166667 0.166667 0.166667 0.166667
4 0.166667 0.166667 0.166667 0.166667
3 0.166667 0.166667 0.166667
2 0.166667 0.166667
5 0.166667 0.166667 0.166667 0.166667 0.166667
5 0.166667 0.166667 0.166667 0.166667 0.166667
4 0.166667 0.166667 0.166667 0.166667
5 0.166667 0.166667 0.166667 0.166667 0.166667
2 0.166667 0.166667
4 0.166667 0.166667 0.166667 0.166667
3 0.166667 0.166667 0.166667
10
4 0.166667 0.166667 0.166667 0.166667
3 0.166667 0.166667 0.166667
3 0.166667 0.166667 0.166667
4 0.166667 0.166667 0.166667 0.166667
4 0.166667 0.166667 0.166667 0.166667
5 0.166667 0.166667 0.166667 0.166667 0.166667
4 0.166667 0.166667 0.166667 0.166667
3 0.166667 0.166667 0.166667
2 0.166667 0.166667
5 0.166667 0.166667 0.166667 0.166667 0.166667
5 0.166667 0.166667 0.166667 0.166667 0.166667
4 0.166667 0.166667 0.166667 0.166667
5 0.166667 0.166667 0.166667 0.166667 0.166667
2 0.166667 0.166667
4 0.166667 0.166667 0.166667 0.166667
3 0.166667 0.166667 0.166667
11
4 0.166667 0.166667 0.166667 0.166667
3 0.166667 0.166667 0.166667
3 0.166667 0.166667 0.166667
4 0.166667 0.166667 0.166667 0.166667
4 0.166667 0.166667 0.166667 0.166667
5 0.166667 0.166667 0.166667 0.166667 0.166667
4 0.166667 0.166667 0.166667 0.166667
3 0.166667 0.166667 0.166667
2 0.166667 0.166667
5 0.166667 0.166667 0.166667 0.166667 0.166667
5 0.166667 0.166667 0.166667 0.166667 0.166667
4 0.166667 0.166667 0.166667 0.166667
5 0.166667 0.166667 0.166667 0.166667 0.166667
2 0.166667 0.166667
4 0.166667 0.166667 0.166667 0.166667
3 0.166667 0.166667 0.166667
12
4 0.166667 0.166667 0.166667 0.166667
3 0.166667 0.166667 0.166667
3 0.166667 0.166667 0.166667
4 0.166667 0.166667 0.166667 0.166667
4 0.166667 0.166667 0.166667 0.166667
5 0.166667 0.166667 0.166667 0.166667 0.166667
4 0.166667 0.166667 0.166667 0.166667
3 0.166667 0.166667 0.166667
2 0.166667 0.166667
5 0.166667 0.166667 0.166667 0.166667 0.166667
5 0.166667 0.166667 0.166667 0.166667 0.166667
4 0.166667 0.166667 0.166667 0.166667
5 0.166667 0.166667 0.166667 0.166667 0.166667
2 0.166667 0.166667
4 0.166667 0.166667 0.166667 0.166667
3 0.166667 0.166667 0.166667
13
4 0.166667 0.166667 0.166667 0.166667
3 0.166667 0.166667 0.166667
3 0.166667 0.166667 0.166667
4 0.166667 0.166667 0.166667 0.166667
4 0.166667 0.166667 0.166667 0.166667
5 0.166667 0.166667 0.166667 0.166667 0.166667
4 0.166667 0.166667 0.166667 0.166667
3 0.166667 0.166667 0.166667
2 0.166667 0.166667
5 0.166667 0.166667 0.166667 0.166667 0.166667
5 0.166667 0.166667 0.166667 0.166667 0.166667
4 0.166667 0.166667 0.166667 0.166667
5 0.166667 0.166667 0.166667 0.166667 0.166667
2 0.166667 0.166667
4 0.166667 0.166667 0.166667 0.166667
3 0.166667 0.166667 0.166667
14
4 0.166667 0.166667 0.166667 0.166667
3 0.166667 0.166667 0.166667
3 0.166667 0.166667 0.166667
4 0.166667 0.166667 0.166667 0.166667
4 0.166667 0.166667 0.166667 0.166667
5 0.166667 0.166667 0.166667 0.166667 0.166667
4 0.166667 0.166667 0.166667 0.166667
3 0.166667 0.166667 0.166667
2 0.166667 0.166667
5 0.166667 0.166667 0.166667 0.166667 0.166667
5 0.166667 0.166667 0.166667 0.166667 0.166667
4 0.166667 0.166667 0.166667 0.166667
5 0.166667 0.166667 0.166667 0.166667 0.166667
2 0.166667 0.166667
4 0.166667 0.166667 0.166667 0.166667
3 0.166667 0.166667 0.166667
15
4 0.166667 0.166667 0.166667 0.166667
3 0.166667 0.166667 0.166667
3 0.166667 0.166667 0.166667
4 0.166667 0.166667 0.166667 0.166667
4 0.166667 0.166667 0.166667 0.166667
5 0.166667 0.166667 0.166667 0.166667 0.166667
4 0.166667 0.166667 0.166667 0.166667
3 0.166667 0.166667 0.166667
2 0.166667 0.166667
5 0.166667 0.166667 0.166667 0.166667 0.166667
5 0.166667 0.166667 0.166667 0.166667 0.166667
4 0.166667 0.166667 0.166667 0.166667
5 0.166667 0.166667 0.166667 0.166667 0.166667
2 0.166667 0.166667
4 0.166667 0.166667 0.166667 0.166667
3 0.166667 0.166667 0.166667
16
4 0.166667 0.166667 0.166667 0.166667
3 0.166667 0.166667 0.166667
3 0.166667 0.166667 0.166667
4 0.166667 0.166667 0.166667 0.166667
4 0.166667 0.166667 0.166667 0.166667
5 0.166667 0.166667 0.166667 0.166667 0.166667
4 0.166667 0.166667 0.166667 0.166667
3 0.166667 0.166667 0.166667
2 0.166667 0.166667
5 0.166667 0.166667 0.166667 0.166667 0.166667
5 0.166667 0.166667 0.166667 0.166667 0.166667
4 0.166667 0.166667 0.166667 0.166667
5 0.166667 0.166667 0.166667 0.166667 0.166667
2 0.166667 0.166667
4 0.166667 0.166667 0.166667 0.166667
3 0.166667 0.166667 0.166667
17
4 0.166667 0.166667 0.166667 0.166667
3 0.166667 0.166667 0.166667
3 0.166667 0.166667 0.166667
4 0.166667 0.166667 0.166667 0.166667
4 0.166667 0.166667 0.166667 0.166667
5 0.166667 0.166667 0.166667 0.166667 0.166667
4 0.166667 0.166667 0.166667 0.166667
3 0.166667 0.166667 0.166667
2 0.166667 0.166667
5 0.166667 0.166667 0.166667 0.166667 0.166667
5 0.166667 0.166667 0.166667 0.166667 0.166667
4 0.166667 0.166667 0.166667 0.166667
5 0.166667 0.166667 0.166667 0.166667 0.166667
2 0.166667 0.166667
4 0.166667 0.166667 0.166667 0.166667
3 0.166667 0.166667 0.166667
18
4 0.166667 0.166667 0.166667 0.166667
3 0.166667 0.166667 0.166667
3 0.166667 0.166667 0.166667
4 0.166667 0.166667 0.166667 0.166667
4 0.166667 0.166667 0.166667 0.166667
5 0.166667 0.166667 0.166667 0.166667 0.166667
4 0.166667 0.166667 0.166667 0.166667
3 0.166667 0.166667 0.166667
2 0.166667 0.166667
5 0.166667 0.166667 0.166667 0.166667 0.166667
5 0.166667 0.166667 0.166667 0.166667 0.166667
4 0.166667 0.166667 0.166667 0.166667
5 0.166667 0.166667 0.166667 0.166667 0.166667
2 0.166667 0.166667
4 0.166667 0.166667 0.166667 0.166667
3 0.166667 0.166667 0.166667
19
4 0.166667 0.166667 0.166667 0.166667
3 0.166667 0.166667 0.166667
3 0.166667 0.166667 0.166667
4 0.166667 0.166667 0.166667 0.166667
4 0.166667 0.166667 0.166667 0.166667
5 0.166667 0.166667 0.166667 0.166667 0.166667
4 0.166667 0.166667 0.166667 0.166667
3 0.166667 0.166667 0.166667
2 0.166667 0.166667
5 0.166667 0.166667 0.166667 0.166667 0.166667
5 0.166667 0.166667 0.166667 0.166667 0.166667
4 0.166667 0.166667 0.166667 0.166667
5 0.166667 0.166667 0.166667 0.166667 0.166667
2 0.166667 0.166667
4 0.166667 0.166667 0.166667 0.166667
3 0.166667 0.166667 0.166667
20
4 0.166667 0.166667 0.166667 0.166667
3 0.166667 0.166667 0.166667
3 0.166667 0.166667 0.166667
4 0.166667 0.166667 0.166667 0.166667
4 0.166667 0.166667 0.166667 0.166667
5 0.166667 0.166667 0.166667 0.166667 0.166667
4 0.166667 0.166667 0.166667 0.166667
3 0.166667 0.166667 0.166667
2 0.166667 0.166667
5 0.166667 0.166667 0.166667 0.166667 0.166667
5 0.166667 0.166667 0.166667 0.166667 0.166667
4 0.166667 0.166667 0.166667 0.166667
5 0.166667 0.166667 0.166667 0.166667 0.166667
2 0.166667 0.166667
4 0.166667 0.166667 0.166667 0.166667
3 0.166667 0.166667 0.166667
0.0833333 0.0833333 
0.166667 0.166667 0.166667 0.166667 0.166667 0.166667 0.166667 0.166667 0.166667 0.166667 0.166667 0.166667 0.166667 0.166667 0.166667 0.166667 
1
1.05401 1.26947 1.62118 1.16216 1.08722 1.4487 1.33025 1.50971 1.11842 1.65393 1.4487 1.39666 2.13108 2.08048 1.98367 1.92555 
1.26947 1.48492 1.83664 1.37761 1.30267 1.66415 1.5457 1.72517 1.33387 1.86938 1.66415 1.61211 2.34653 2.29593 2.19913 2.141 
1.62118 1.83664 2.18835 1.72933 1.65439 2.01587 1.89742 2.07688 1.68559 2.2211 2.01587 1.96383 2.69825 2.64765 2.55084 2.49272 
1.16216 1.37761 1.72933 1.2703 1.19536 1.55684 1.43839 1.61786 1.22656 1.76207 1.55684 1.5048 2.23922 2.18862 2.09182 2.03369 
1.08722 1.30267 1.65439 1.19536 1.12042 1.4819 1.36346 1.54292 1.15163 1.68713 1.4819 1.42986 2.16428 2.11368 2.01688 1.95875 
1.4487 1.66415 2.01587 1.55684 1.4819 1.84338 1.72494 1.9044 1.51311 2.04861 1.84338 1.79134 2.52576 2.47516 2.37836 2.32023 
1.33025 1.5457 1.89742 1.43839 1.36346 1.72494 1.60649 1.78595 1.39466 1.93017 1.72494 1.67289 2.40732 2.35672 2.25991 2.20179 
1.50971 1.72517 2.07688 1.61786 1.54292 1.9044 1.78595 1.96541 1.57412 2.10963 1.9044 1.85236 2.58678 2.53618 2.43937 2.38125 
1.11842 1.33387 1.68559 1.22656 1.15163 1.51311 1.39466 1.57412 1.18283 1.71834 1.51311 1.46106 2.19549 2.14489 2.04808 1.98996 
1.65393 1.86938 2.2211 1.76207 1.68713 2.04861 1.93017 2.10963 1.71834 2.25384 2.04861 1.99657 2.73099 2.68039 2.58359 2.52546 
1.4487 1.66415 2.01587 1.55684 1.4819 1.84338 1.72494 1.9044 1.51311 2.04861 1.84338 1.79134 2.52576 2.47516 2.37836 2.32023 
1.39666 1.61211 1.96383 1.5048 1.42986 1.79134 1.67289 1.85236 1.46106 1.99657 1.79134 1.7393 2.47372 2.42312 2.32632 2.26819 
2.13108 2.34653 2.69825 2.23922 2.16428 2.52576 2.40732 2.58678 2.19549 2.73099 2.52576 2.47372 3.20814 3.15754 3.06074 3.00261 
2.08048 2.29593 2.64765 2.18862 2.11368 2.47516 2.35672 2.53618 2.14489 2.68039 2.47516 2.42312 3.15754 3.10694 3.01014 2.95201 
1.98367 2.19913 2.55084 2.09182 2.01688 2.37836 2.25991 2.43937 2.04808 2.58359 2.37836 2.32632 3.06074 3.01014 2.91333 2.85521 
1.92555 2.141 2.49272 2.03369 1.95875 2.32023 2.20179 2.38125 1.98996 2.52546 2.32023 2.26819 3.00261 2.95201 2.85521 2.79708 
2
1.05401 1.26947 1.62118 1.16216 1.08722 1.4487 1.33025 1.50971 1.11842 1.65393 1.4487 1.39666 2.13108 2.08048 1.98367 1.92555 
1.26947 1.48492 1.83664 1.37761 1.30267 1.66415 1.5457 1.72517 1.33387 1.86938 1.66415 1.61211 2.34653 2.29593 2.19913 2.141 
1.62118 1.83664 2.18835 1.72933 1.65439 2.01587 1.89742 2.07688 1.68559 2.2211 2.01587 1.96383 2.69825 2.64765 2.55084 2.49272 
1.16216 1.37761 1.72933 1.2703 1.19536 1.55684 1.43839 1.61786 1.22656 1.76207 1.55684 1.5048 2.23922 2.18862 2.09182 2.03369 
1.08722 1.30267 1.65439 1.19536 1.12042 1.4819 1.36346 1.54292 1.15163 1.68713 1.4819 1.42986 2.16428 2.11368 2.01688 1.95875 
1.4487 1.66415 2.01587 1.55684 1.4819 1.84338 1.72494 1.9044 1.51311 2.04861 1.84338 1.79134 2.52576 2.47516 2.37836 2.32023 
1.33025 1.5457 1.89742 1.43839 1.36346 1.72494 1.60649 1.78595 1.39466 1.93017 1.72494 1.67289 2.40732 2.35672 2.25991 2.20179 
1.50971 1.72517 2.07688 1.61786 1.54292 1.9044 1.78595 1.96541 1.57412 2.10963 1.9044 1.85236 2.58678 2.53618 2.43937 2.38125 
1.11842 1.33387 1.68559 1.22656 1.15163 1.51311 1.39466 1.57412 1.18283 1.71834 1.51311 1.46106 2.19549 2.14489 2.04808 1.98996 
1.65393 1.86938 2.2211 1.76207 1.68713 2.04861 1.93017 2.10963 1.71834 2.25384 2.04861 1.99657 2.73099 2.68039 2.58359 2.52546 
1.4487 1.66415 2.01587 1.55684 1.4819 1.84338 1.72494 1.9044 1.51311 2.04861 1.84338 1.79134 2.52576 2.47516 2.37836 2.32023 
1.39666 1.61211 1.96383 1.5048 1.42986 1.79134 1.67289 1.85236 1.46106 1.99657 1.79134 1.7393 2.47372 2.42312 2.32632 2.26819 
2.13108 2.34653 2.69825 2.23922 2.16428 2.52576 2.40732 2.58678 2.19549 2.73099 2.52576 2.47372 3.20814 3.15754 3.06074 3.00261 
2.08048 2.29593 2.64765 2.18862 2.11368 2.47516 2.35672 2.53618 2.14489 2.68039 2.47516 2.42312 3.15754 3.10694 3.01014 2.95201 
1.98367 2.19913 2.55084 2.09182 2.01688 2.37836 2.25991 2.43937 2.04808 2.58359 2.37836 2.32632 3.06074 3.01014 2.91333 2.85521 
1.92555 2.141 2.49272 2.03369 1.95875 2.32023 2.20179 2.38125 1.98996 2.52546 2.32023 2.26819 3.00261 2.95201 2.85521 2.79708 
3
1.05401 1.26947 1.62118 1.16216 1.08722 1.4487 1.33025 1.50971 1.11842 1.65393 1.4487 1.39666 2.13108 2.08048 1.98367 1.92555 
1.26947 1.48492 1.83664 1.37761 1.30267 1.66415 1.5457 1.72517 1.33387 1.86938 1.66415 1.61211 2.34653 2.29593 2.19913 2.141 
1.62118 1.83664 2.18835 1.72933 1.65439 2.01587 1.89742 2.07688 1.68559 2.2211 2.01587 1.96383 2.69825 2.64765 2.55084 2.49272 
1.16216 1.37761 1.72933 1.2703 1.19536 1.55684 1.43839 1.61786 1.22656 1.76207 1.55684 1.5048 2.23922 2.18862 2.09182 2.03369 
1.08722 1.30267 1.65439 1.19536 1.12042 1.4819 1.36346 1.54292 1.15163 1.68713 1.4819 1.42986 2.16428 2.11368 2.01688 1.95875 
1.4487 1.66415 2.01587 1.55684 1.4819 1.84338 1.72494 1.9044 1.51311 2.04861 1.84338 1.79134 2.52576 2.47516 2.37836 2.32023 
1.33025 1.5457 1.89742 1.43839 1.36346 1.72494 1.60649 1.78595 1.39466 1.93017 1.72494 1.67289 2.40732 2.35672 2.25991 2.20179 
1.50971 1.72517 2.07688 1.61786 1.54292 1.9044 1.78595 1.96541 1.57412 2.10963 1.9044 1.85236 2.58678 2.53618 2.43937 2.38125 
1.11842 1.33387 1.68559 1.22656 1.15163 1.51311 1.39466 1.57412 1.18283 1.71834 1.51311 1.46106 2.19549 2.14489 2.04808 1.98996 
1.65393 1.86938 2.2211 1.76207 1.68713 2.04861 1.93017 2.10963 1.71834 2.25384 2.04861 1.99657 2.73099 2.68039 2.58359 2.52546 
1.4487 1.66415 2.01587 1.55684 1.4819 1.84338 1.72494 1.9044 1.51311 2.04861 1.84338 1.79134 2.52576 2.47516 2.37836 2.32023 
1.39666 1.61211 1.96383 1.5048 1.42986 1.79134 1.67289 1.85236 1.46106 1.99657 1.79134 1.7393 2.47372 2.42312 2.32632 2.26819 
2.13108 2.34653 2.69825 2.23922 2.16428 2.52576 2.40732 2.58678 2.19549 2.73099 2.52576 2.47372 3.20814 3.15754 3.06074 3.00261 
2.08048 2.29593 2.64765 2.18862 2.11368 2.47516 2.35672 2.53618 2.14489 2.68039 2.47516 2.42312 3.15754 3.10694 3.01014 2.95201 
1.98367 2.19913 2.55084 2.09182 2.01688 2.37836 2.25991 2.43937 2.04808 2.58359 2.37836 2.32632 3.06074 3.01014 2.91333 2.85521 
1.92555 2.141 2.49272 2.03369 1.95875 2.32023 2.20179 2.38125 1.98996 2.52546 2.32023 2.26819 3.00261 2.95201 2.85521 2.79708 
4
1.05401 1.26947 1.62118 1.16216 1.08722 1.4487 1.33025 1.50971 1.11842 1.65393 1.4487 1.39666 2.13108 2.08048 1.98367 1.92555 
1.26947 1.48492 1.83664 1.37761 1.30267 1.66415 1.5457 1.72517 1.33387 1.86938 1.66415 1.61211 2.34653 2.29593 2.19913 2.141 
1.62118 1.83664 2.18835 1.72933 1.65439 2.01587 1.89742 2.07688 1.68559 2.2211 2.01587 1.96383 2.69825 2.64765 2.55084 2.49272 
1.16216 1.37761 1.72933 1.2703 1.19536 1.55684 1.43839 1.61786 1.22656 1.76207 1.55684 1.5048 2.23922 2.18862 2.09182 2.03369 
1.08722 1.30267 1.65439 1.19536 1.12042 1.4819 1.36346 1.54292 1.15163 1.68713 1.4819 1.42986 2.16428 2.11368 2.01688 1.95875 
1.4487 1.66415 2.01587 1.55684 1.4819 1.84338 1.72494 1.9044 1.51311 2.04861 1.84338 1.79134 2.52576 2.47516 2.37836 2.32023 
1.33025 1.5457 1.89742 1.43839 1.36346 1.72494 1.60649 1.78595 1.39466 1.93017 1.72494 1.67289 2.40732 2.35672 2.25991 2.20179 
1.50971 1.72517 2.07688 1.61786 1.54292 1.9044 1.78595 1.96541 1.57412 2.10963 1.9044 1.85236 2.58678 2.53618 2.43937 2.38125 
1.11842 1.33387 1.68559 1.22656 1.15163 1.51311 1.39466 1.57412 1.18283 1.71834 1.51311 1.46106 2.19549 2.14489 2.04808 1.98996 
1.65393 1.86938 2.2211 1.76207 1.68713 2.04861 1.93017 2.10963 1.71834 2.25384 2.04861 1.99657 2.73099 2.68039 2.58359 2.52546 
1.4487 1.66415 2.01587 1.55684 1.4819 1.84338 1.72494 1.9044 1.51311 2.04861 1.84338 1.79134 2.52576 2.47516 2.37836 2.32023 
1.39666 1.61211 1.96383 1.5048 1.42986 1.79134 1.67289 1.85236 1.46106 1.99657 1.79134 1.7393 2.47372 2.42312 2.32632 2.26819 
2.13108 2.34653 2.69825 2.23922 2.16428 2.52576 2.40732 2.58678 2.19549 2.73099 2.52576 2.47372 3.20814 3.15754 3.06074 3.00261 
2.08048 2.29593 2.64765 2.18862 2.11368 2.47516 2.35672 2.53618 2.14489 2.68039 2.47516 2.42312 3.15754 3.10694 3.01014 2.95201 
1.98367 2.19913 2.55084 2.09182 2.01688 2.37836 2.25991 2.43937 2.04808 2.58359 2.37836 2.32632 3.06074 3.01014 2.91333 2.85521 
1.92555 2.141 2.49272 2.03369 1.95875 2.32023 2.20179 2.38125 1.98996 2.52546 2.32023 2.26819 3.00261 2.95201 2.85521 2.79708 
5
1.05401 1.26947 1.62118 1.16216 1.08722 1.4487 1.33025 1.50971 1.11842 1.65393 1.4487 1.39666 2.13108 2.08048 1.98367 1.92555 
1.26947 1.48492 1.83664 1.37761 1.30267 1.66415 1.5457 1.72517 1.33387 1.86938 1.66415 1.61211 2.34653 2.29593 2.19913 2.141 
1.62118 1.83664 2.18835 1.72933 1.65439 2.01587 1.89742 2.07688 1.68559 2.2211 2.01587 1.96383 2.69825 2.64765 2.55084 2.49272 
1.16216 1.37761 1.72933 1.2703 1.19536 1.55684 1.43839 1.61786 1.22656 1.76207 1.55684 1.5048 2.23922 2.18862 2.09182 2.03369 
1.08722 1.30267 1.65439 1.19536 1.12042 1.4819 1.36346 1.54292 1.15163 1.68713 1.4819 1.42986 2.16428 2.11368 2.01688 1.95875 
1.4487 1.66415 2.01587 1.55684 1.4819 1.84338 1.72494 1.9044 1.51311 2.04861 1.84338 1.79134 2.52576 2.47516 2.37836 2.32023 
1.33025 1.5457 1.89742 1.43839 1.36346 1.72494 1.60649 1.78595 1.39466 1.93017 1.72494 1.67289 2.40732 2.35672 2.25991 2.20179 
1.50971 1.72517 2.07688 1.61786 1.54292 1.9044 1.78595 1.96541 1.57412 2.10963 1.9044 1.85236 2.58678 2.53618 2.43937 2.38125 
1.11842 1.33387 1.68559 1.22656 1.15163 1.51311 1.39466 1.57412 1.18283 1.71834 1.51311 1.46106 2.19549 2.14489 2.04808 1.98996 
1.65393 1.86938 2.2211 1.76207 1.68713 2.04861 1.93017 2.10963 1.71834 2.25384 2.04861 1.99657 2.73099 2.68039 2.58359 2.52546 
1.4487 1.66415 2.01587 1.55684 1.4819 1.84338 1.72494 1.9044 1.51311 2.04861 1.84338 1.79134 2.52576 2.47516 2.37836 2.32023 
1.39666 1.61211 1.96383 1.5048 1.42986 1.79134 1.67289 1.85236 1.46106 1.99657 1.79134 1.7393 2.47372 2.42312 2.32632 2.26819 
2.13108 2.34653 2.69825 2.23922 2.16428 2.52576 2.40732 2.58678 2.19549 2.73099 2.52576 2.47372 3.20814 3.15754 3.06074 3.00261 
2.08048 2.29593 2.64765 2.18862 2.11368 2.47516 2.35672 2.53618 2.14489 2.68039 2.47516 2.42312 3.15754 3.10694 3.01014 2.95201 
1.98367 2.19913 2.55084 2.09182 2.01688 2.37836 2.25991 2.43937 2.04808 2.58359 2.37836 2.32632 3.06074 3.01014 2.91333 2.85521 
1.92555 2.141 2.49272 2.03369 1.95875 2.32023 2.20179 2.38125 1.98996 2.52546 2.32023 2.26819 3.00261 2.95201 2.85521 2.79708 
6
1.05401 1.26947 1.62118 1.16216 1.08722 1.4487 1.33025 1.50971 1.11842 1.65393 1.4487 1.39666 2.13108 2.08048 1.98367 1.92555 
1.26947 1.48492 1.83664 1.37761 1.30267 1.66415 1.5457 1.72517 1.33387 1.86938 1.66415 1.61211 2.34653 2.29593 2.19913 2.141 
1.62118 1.83664 2.18835 1.72933 1.65439 2.01587 1.89742 2.07688 1.68559 2.2211 2.01587 1.96383 2.69825 2.64765 2.55084 2.49272 
1.16216 1.37761 1.72933 1.2703 1.19536 1.55684 1.43839 1.61786 1.22656 1.76207 1.55684 1.5048 2.23922 2.18862 2.09182 2.03369 
1.08722 1.30267 1.65439 1.19536 1.12042 1.4819 1.36346 1.54292 1.15163 1.68713 1.4819 1.42986 2.16428 2.11368 2.01688 1.95875 
1.4487 1.66415 2.01587 1.55684 1.4819 1.84338 1.72494 1.9044 1.51311 2.04861 1.84338 1.79134 2.52576 2.47516 2.37836 2.32023 
1.33025 1.5457 1.89742 1.43839 1.36346 1.72494 1.60649 1.78595 1.39466 1.93017 1.72494 1.67289 2.40732 2.35672 2.25991 2.20179 
1.50971 1.72517 2.07688 1.61786 1.54292 1.9044 1.78595 1.96541 1.57412 2.10963 1.9044 1.85236 2.58678 2.53618 2.43937 2.38125 
1.11842 1.33387 1.68559 1.22656 1.15163 1.51311 1.39466 1.57412 1.18283 1.71834 1.51311 1.46106 2.19549 2.14489 2.04808 1.98996 
1.65393 1.86938 2.2211 1.76207 1.68713 2.04861 1.93017 2.10963 1.71834 2.25384 2.04861 1.99657 2.73099 2.68039 2.58359 2.52546 
1.4487 1.66415 2.01587 1.55684 1.4819 1.84338 1.72494 1.9044 1.51311 2.04861 1.84338 1.79134 2.52576 2.47516 2.37836 2.32023 
1.39666 1.61211 1.96383 1.5048 1.42986 1.79134 1.67289 1.85236 1.46106 1.99657 1.79134 1.7393 2.47372 2.42312 2.32632 2.26819 
2.13108 2.34653 2.69825 2.23922 2.16428 2.52576 2.40732 2.58678 2.19549 2.73099 2.52576 2.47372 3.20814 3.15754 3.06074 3.00261 
2.08048 2.29593 2.64765 2.18862 2.11368 2.47516 2.35672 2.53618 2.14489 2.68039 2.47516 2.42312 3.15754 3.10694 3.01014 2.95201 
1.98367 2.19913 2.55084 2.09182 2.01688 2.37836 2.25991 2.43937 2.04808 2.58359 2.37836 2.32632 3.06074 3.01014 2.91333 2.85521 
1.92555 2.141 2.49272 2.03369 1.95875 2.32023 2.20179 2.38125 1.98996 2.52546 2.32023 2.26819 3.00261 2.95201 2.85521 2.79708 
7
1.05401 1.26947 1.62118 1.16216 1.08722 1.4487 1.33025 1.50971 1.11842 1.65393 1.4487 1.39666 2.13108 2.08048 1.98367 1.92555 
1.26947 1.48492 1.83664 1.37761 1.30267 1.66415 1.5457 1.72517 1.33387 1.86938 1.66415 1.61211 2.34653 2.29593 2.19913 2.141 
1.62118 1.83664 2.18835 1.72933 1.65439 2.01587 1.89742 2.07688 1.68559 2.2211 2.01587 1.96383 2.69825 2.64765 2.55084 2.49272 
1.16216 1.37761 1.72933 1.2703 1.19536 1.55684 1.43839 1.61786 1.22656 1.76207 1.55684 1.5048 2.23922 2.18862 2.09182 2.03369 
1.08722 1.30267 1.65439 1.19536 1.12042 1.4819 1.36346 1.54292 1.15163 1.68713 1.4819 1.42986 2.16428 2.11368 2.01688 1.95875 
1.4487 1.66415 2.01587 1.55684 1.4819 1.84338 1.72494 1.9044 1.51311 2.04861 1.84338 1.79134 2.52576 2.47516 2.37836 2.32023 
1.33025 1.5457 1.89742 1.43839 1.36346 1.72494 1.60649 1.78595 1.39466 1.93017 1.72494 1.67289 2.40732 2.35672 2.25991 2.20179 
1.50971 1.72517 2.07688 1.61786 1.54292 1.9044 1.78595 1.96541 1.57412 2.10963 1.9044 1.85236 2.58678 2.53618 2.43937 2.38125 
1.11842 1.33387 1.68559 1.22656 1.15163 1.51311 1.39466 1.57412 1.18283 1.71834 1.51311 1.46106 2.19549 2.14489 2.04808 1.98996 
1.65393 1.86938 2.2211 1.76207 1.68713 2.04861 1.93017 2.10963 1.71834 2.25384 2.04861 1.99657 2.73099 2.68039 2.58359 2.52546 
1.4487 1.66415 2.01587 1.55684 1.4819 1.84338 1.72494 1.9044 1.51311 2.04861 1.84338 1.79134 2.52576 2.47516 2.37836 2.32023 
1.39666 1.61211 1.96383 1.5048 1.42986 1.79134 1.67289 1.85236 1.46106 1.99657 1.79134 1.7393 2.47372 2.42312 2.32632 2.26819 
2.13108 2.34653 2.69825 2.23922 2.16428 2.52576 2.40732 2.58678 2.19549 2.73099 2.52576 2.47372 3.20814 3.15754 3.06074 3.00261 
2.08048 2.29593 2.64765 2.18862 2.11368 2.47516 2.35672 2.53618 2.14489 2.68039 2.47516 2.42312 3.15754 3.10694 3.01014 2.95201 
1.98367 2.19913 2.55084 2.09182 2.01688 2.37836 2.25991 2.43937 2.04808 2.58359 2.37836 2.32632 3.06074 3.01014 2.91333 2.85521 
1.92555 2.141 2.49272 2.03369 1.95875 2.32023 2.20179 2.38125 1.98996 2.52546 2.32023 2.26819 3.00261 2.95201 2.85521 2.79708 
8
1.05401 1.26947 1.62118 1.16216 1.08722 1.4487 1.33025 1.50971 1.11842 1.65393 1.4487 1.39666 2.13108 2.08048 1.98367 1.92555 
1.26947 1.48492 1.83664 1.37761 1.30267 1.66415 1.5457 1.72517 1.33387 1.86938 1.66415 1.61211 2.34653 2.29593 2.19913 2.141 
1.62118 1.83664 2.18835 1.72933 1.65439 2.01587 1.89742 2.07688 1.68559 2.2211 2.01587 1.96383 2.69825 2.64765 2.55084 2.49272 
1.16216 1.37761 1.72933 1.2703 1.19536 1.55684 1.43839 1.61786 1.22656 1.76207 1.55684 1.5048 2.23922 2.18862 2.09182 2.03369 
1.08722 1.30267 1.65439 1.19536 1.12042 1.4819 1.36346 1.54292 1.15163 1.68713 1.4819 1.42986 2.16428 2.11368 2.01688 1.95875 
1.4487 1.66415 2.01587 1.55684 1.4819 1.84338 1.72494 1.9044 1.51311 2.04861 1.84338 1.79134 2.52576 2.47516 2.37836 2.32023 
1.33025 1.5457 1.89742 1.43839 1.36346 1.72494 1.60649 1.78595 1.39466 1.93017 1.72494 1.67289 2.40732 2.35672 2.25991 2.20179 
1.50971 1.72517 2.07688 1.61786 1.54292 1.9044 1.78595 1.96541 1.57412 2.10963 1.9044 1.85236 2.58678 2.53618 2.43937 2.38125 
1.11842 1.33387 1.68559 1.22656 1.15163 1.51311 1.39466 1.57412 1.18283 1.71834 1.51311 1.46106 2.19549 2.14489 2.04808 1.98996 
1.65393 1.86938 2.2211 1.76207 1.68713 2.04861 1.93017 2.10963 1.71834 2.25384 2.04861 1.99657 2.73099 2.68039 2.58359 2.52546 
1.4487 1.66415 2.01587 1.55684 1.4819 1.84338 1.72494 1.9044 1.51311 2.04861 1.84338 1.79134 2.52576 2.47516 2.37836 2.32023 
1.39666 1.61211 1.96383 1.5048 1.42986 1.79134 1.67289 1.85236 1.46106 1.99657 1.79134 1.7393 2.47372 2.42312 2.32632 2.26819 
2.13108 2.34653 2.69825 2.23922 2.16428 2.52576 2.40732 2.58678 2.19549 2.73099 2.52576 2.47372 3.20814 3.15754 3.06074 3.00261 
2.08048 2.29593 2.64765 2.18862 2.11368 2.47516 2.35672 2.53618 2.14489 2.68039 2.47516 2.42312 3.15754 3.10694 3.01014 2.95201 
1.98367 2.19913 2.55084 2.09182 2.01688 2.37836 2.25991 2.43937 2.04808 2.58359 2.37836 2.32632 3.06074 3.01014 2.91333 2.85521 
1.92555 2.141 2.49272 2.03369 1.95875 2.32023 2.20179 2.38125 1.98996 2.52546 2.32023 2.26819 3.00261 2.95201 2.85521 2.79708 
9
1.05401 1.26947 1.62118 1.16216 1.08722 1.4487 1.33025 1.50971 1.11842 1.65393 1.4487 1.39666 2.13108 2.08048 1.98367 1.92555 
1.26947 1.48492 1.83664 1.37761 1.30267 1.66415 1.5457 1.72517 1.33387 1.86938 1.66415 1.61211 2.34653 2.29593 2.19913 2.141 
1.62118 1.83664 2.18835 1.72933 1.65439 2.01587 1.89742 2.07688 1.68559 2.2211 2.01587 1.96383 2.69825 2.64765 2.55084 2.49272 
1.16216 1.37761 1.72933 1.2703 1.19536 1.55684 1.43839 1.61786 1.22656 1.76207 1.55684 1.5048 2.23922 2.18862 2.09182 2.03369 
1.08722 1.30267 1.65439 1.19536 1.12042 1.4819 1.36346 1.54292 1.15163 1.68713 1.4819 1.42986 2.16428 2.11368 2.01688 1.95875 
1.4487 1.66415 2.01587 1.55684 1.4819 1.84338 1.72494 1.9044 1.51311 2.04861 1.84338 1.79134 2.52576 2.47516 2.37836 2.32023 
1.33025 1.5457 1.89742 1.43839 1.36346 1.72494 1.60649 1.78595 1.39466 1.93017 1.72494 1.67289 2.40732 2.35672 2.25991 2.20179 
1.50971 1.72517 2.07688 1.61786 1.54292 1.9044 1.78595 1.96541 1.57412 2.10963 1.9044 1.85236 2.58678 2.53618 2.43937 2.38125 
1.11842 1.33387 1.68559 1.22656 1.15163 1.51311 1.39466 1.57412 1.18283 1.71834 1.51311 1.46106 2.19549 2.14489 2.04808 1.98996 
1.65393 1.86938 2.2211 1.76207 1.68713 2.04861 1.93017 2.10963 1.71834 2.25384 2.04861 1.99657 2.73099 2.68039 2.58359 2.52546 
1.4487 1.66415 2.01587 1.55684 1.4819 1.84338 1.72494 1.9044 1.51311 2.04861 1.84338 1.79134 2.52576 2.47516 2.37836 2.32023 
1.39666 1.61211 1.96383 1.5048 1.42986 1.79134 1.67289 1.85236 1.46106 1.99657 1.79134 1.7393 2.47372 2.42312 2.32632 2.26819 
2.13108 2.34653 2.69825 2.23922 2.16428 2.52576 2.40732 2.58678 2.19549 2.73099 2.52576 2.47372 3.20814 3.15754 3.06074 3.00261 
2.08048 2.29593 2.64765 2.18862 2.11368 2.47516 2.35672 2.53618 2.14489 2.68039 2.47516 2.42312 3.15754 3.10694 3.01014 2.95201 
1.98367 2.19913 2.55084 2.09182 2.01688 2.37836 2.25991 2.43937 2.04808 2.58359 2.37836 2.32632 3.06074 3.01014 2.91333 2.85521 
1.92555 2.141 2.49272 2.03369 1.95875 2.32023 2.20179 2.38125 1.98996 2.52546 2.32023 2.26819 3.00261 2.95201 2.85521 2.79708 
10
1.05401 1.26947 1.62118 1.16216 1.08722 1.4487 1.33025 1.50971 1.11842 1.65393 1.4487 1.39666 2.13108 2.08048 1.98367 1.92555 
1.26947 1.48492 1.83664 1.37761 1.30267 1.66415 1.5457 1.72517 1.33387 1.86938 1.66415 1.61211 2.34653 2.29593 2.19913 2.141 
1.62118 1.83664 2.18835 1.72933 1.65439 2.01587 1.89742 2.07688 1.68559 2.2211 2.01587 1.96383 2.69825 2.64765 2.55084 2.49272 
1.16216 1.37761 1.72933 1.2703 1.19536 1.55684 1.43839 1.61786 1.22656 1.76207 1.55684 1.5048 2.23922 2.18862 2.09182 2.03369 
1.08722 1.30267 1.65439 1.19536 1.12042 1.4819 1.36346 1.54292 1.15163 1.68713 1.4819 1.42986 2.16428 2.11368 2.01688 1.95875 
1.4487 1.66415 2.01587 1.55684 1.4819 1.84338 1.72494 1.9044 1.51311 2.04861 1.84338 1.79134 2.52576 2.47516 2.37836 2.32023 
1.33025 1.5457 1.89742 1.43839 1.36346 1.72494 1.60649 1.78595 1.39466 1.93017 1.72494 1.67289 2.40732 2.35672 2.25991 2.20179 
1.50971 1.72517 2.07688 1.61786 1.54292 1.9044 1.78595 1.96541 1.57412 2.10963 1.9044 1.85236 2.58678 2.53618 2.43937 2.38125 
1.11842 1.33387 1.68559 1.22656 1.15163 1.51311 1.39466 1.57412 1.18283 1.71834 1.51311 1.46106 2.19549 2.14489 2.04808 1.98996 
1.65393 1.86938 2.2211 1.76207 1.68713 2.04861 1.93017 2.10963 1.71834 2.25384 2.04861 1.99657 2.73099 2.68039 2.58359 2.52546 
1.4487 1.66415 2.01587 1.55684 1.4819 1.84338 1.72494 1.9044 1.51311 2.04861 1.84338 1.79134 2.52576 2.47516 2.37836 2.32023 
1.39666 1.61211 1.96383 1.5048 1.42986 1.79134 1.67289 1.85236 1.46106 1.99657 1.79134 1.7393 2.47372 2.42312 2.32632 2.26819 
2.13108 2.34653 2.69825 2.23922 2.16428 2.52576 2.40732 2.58678 2.19549 2.73099 2.52576 2.47372 3.20814 3.15754 3.06074 3.00261 
2.08048 2.29593 2.64765 2.18862 2.11368 2.47516 2.35672 2.53618 2.14489 2.68039 2.47516 2.42312 3.15754 3.10694 3.01014 2.95201 
1.98367 2.19913 2.55084 2.09182 2.01688 2.37836 2.25991 2.43937 2.04808 2.58359 2.37836 2.32632 3.06074 3.01014 2.91333 2.85521 
1.92555 2.141 2.49272 2.03369 1.95875 2.32023 2.20179 2.38125 1.98996 2.52546 2.32023 2.26819 3.00261 2.95201 2.85521 2.79708 
11
2.93133 2.19452 1.97161 3.174 2.62537 2.68585 1.88001 2.50733 3.04392 2.30246 2.03438 1.84067 2.174 2.47916 1.88001 1.84067 
2.19452 1.4577 1.2348 2.43718 1.88855 1.94903 1.1432 1.77052 2.30711 1.56564 1.29756 1.10385 1.43718 1.74234 1.1432 1.10385 
1.97161 1.2348 1.01189 2.21428 1.66565 1.72612 0.920291 1.54761 2.0842 1.34274 1.07466 0.880946 1.21428 1.51944 0.920291 0.880946 
3.174 2.43718 2.21428 3.41667 2.86803 2.92851 2.12268 2.75 3.28659 2.54512 2.27705 2.08333 2.41667 2.72183 2.12268 2.08333 
2.62537 1.88855 1.66565 2.86803 2.3194 2.37988 1.57405 2.20137 2.73796 1.99649 1.72841 1.5347 1.86803 2.17319 1.57405 1.5347 
2.68585 1.94903 1.72612 2.92851 2.37988 2.44036 1.63452 2.26184 2.79844 2.05697 1.78889 1.59518 1.92851 2.23367 1.63452 1.59518 
1.88001 1.1432 0.920291 2.12268 1.57405 1.63452 0.828689 1.45601 1.9926 1.25114 0.983058 0.789345 1.12268 1.42784 0.828689 0.789345 
2.50733 1.77052 1.54761 2.75 2.20137 2.26184 1.45601 2.08333 2.61992 1.87846 1.61038 1.41667 1.75 2.05516 1.45601 1.41667 
3.04392 2.30711 2.0842 3.28659 2.73796 2.79844 1.9926 2.61992 3.15651 2.41505 2.14697 1.95326 2.28659 2.59175 1.9926 1.95326 
2.30246 1.56564 1.34274 2.54512 1.99649 2.05697 1.25114 1.87846 2.41505 1.67358 1.4055 1.21179 1.54512 1.85028 1.25114 1.21179 
2.03438 1.29756 1.07466 2.27705 1.72841 1.78889 0.983058 1.61038 2.14697 1.4055 1.13743 0.943713 1.27705 1.5822 0.983058 0.943713 
1.84067 1.10385 0.880946 2.08333 1.5347 1.59518 0.789345 1.41667 1.95326 1.21179 0.943713 0.75 1.08333 1.38849 0.789345 0.75 
2.174 1.43718 1.21428 2.41667 1.86803 1.92851 1.12268 1.75 2.28659 1.54512 1.27705 1.08333 1.41667 1.72183 1.12268 1.08333 
2.47916 1.74234 1.51944 2.72183 2.17319 2.23367 1.42784 2.05516 2.59175 1.85028 1.5822 1.38849 1.72183 2.02698 1.42784 1.38849 
1.88001 1.1432 0.920291 2.12268 1.57405 1.63452 0.828689 1.45601 1.9926 1.25114 0.983058 0.789345 1.12268 1.42784 0.828689 0.789345 
1.84067 1.10385 0.880946 2.08333 1.5347 1.59518 0.789345 1.41667 1.95326 1.21179 0.943713 0.75 1.08333 1.38849 0.789345 0.75 
12
2.93133 2.19452 1.97161 3.174 2.62537 2.68585 1.88001 2.50733 3.04392 2.30246 2.03438 1.84067 2.174 2.47916 1.88001 1.84067 
2.19452 1.4577 1.2348 2.43718 1.88855 1.94903 1.1432 1.77052 2.30711 1.56564 1.29756 1.10385 1.43718 1.74234 1.1432 1.10385 
1.97161 1.2348 1.01189 2.21428 1.66565 1.72612 0.920291 1.54761 2.0842 1.34274 1.07466 0.880946 1.21428 1.51944 0.920291 0.880946 
3.174 2.43718 2.21428 3.41667 2.86803 2.92851 2.12268 2.75 3.28659 2.54512 2.27705 2.08333 2.41667 2.72183 2.12268 2.08333 
2.62537 1.88855 1.66565 2.86803 2.3194 2.37988 1.57405 2.20137 2.73796 1.99649 1.72841 1.5347 1.86803 2.17319 1.57405 1.5347 
2.68585 1.94903 1.72612 2.92851 2.37988 2.44036 1.63452 2.26184 2.79844 2.05697 1.78889 1.59518 1.92851 2.23367 1.63452 1.59518 
1.88001 1.1432 0.920291 2.12268 1.57405 1.63452 0.828689 1.45601 1.9926 1.25114 0.983058 0.789345 1.12268 1.42784 0.828689 0.789345 
2.50733 1.77052 1.54761 2.75 2.20137 2.26184 1.45601 2.08333 2.61992 1.87846 1.61038 1.41667 1.75 2.05516 1.45601 1.41667 
3.04392 2.30711 2.0842 3.28659 2.73796 2.79844 1.9926 2.61992 3.15651 2.41505 2.14697 1.95326 2.28659 2.59175 1.9926 1.95326 
2.30246 1.56564 1.34274 2.54512 1.99649 2.05697 1.25114 1.87846 2.41505 1.67358 1.4055 1.21179 1.54512 1.85028 1.25114 1.21179 
2.03438 1.29756 1.07466 2.27705 1.72841 1.78889 0.983058 1.61038 2.14697 1.4055 1.13743 0.943713 1.27705 1.5822 0.983058 0.943713 
1.84067 1.10385 0.880946 2.08333 1.5347 1.59518 0.789345 1.41667 1.95326 1.21179 0.943713 0.75 1.08333 1.38849 0.789345 0.75 
2.174 1.43718 1.21428 2.41667 1.86803 1.92851 1.12268 1.75 2.28659 1.54512 1.27705 1.08333 1.41667 1.72183 1.12268 1.08333 
2.47916 1.74234 1.51944 2.72183 2.17319 2.23367 1.42784 2.05516 2.59175 1.85028 1.5822 1.38849 1.72183 2.02698 1.42784 1.38849 
1.88001 1.1432 0.920291 2.12268 1.57405 1.63452 0.828689 1.45601 1.9926 1.25114 0.983058 0.789345 1.12268 1.42784 0.828689 0.789345 
1.84067 1.10385 0.880946 2.08333 1.5347 1.59518 0.789345 1.41667 1.95326 1.21179 0.943713 0.75 1.08333 1.38849 0.789345 0.75 
13
2.93133 2.19452 1.97161 3.174 2.62537 2.68585 1.88001 2.50733 3.04392 2.30246 2.03438 1.84067 2.174 2.47916 1.88001 1.84067 
2.19452 1.4577 1.2348 2.43718 1.88855 1.94903 1.1432 1.77052 2.30711 1.56564 1.29756 1.10385 1.43718 1.74234 1.1432 1.10385 
1.97161 1.2348 1.01189 2.21428 1.66565 1.72612 0.920291 1.54761 2.0842 1.34274 1.07466 0.880946 1.21428 1.51944 0.920291 0.880946 
3.174 2.43718 2.21428 3.41667 2.86803 2.92851 2.12268 2.75 3.28659 2.54512 2.27705 2.08333 2.41667 2.72183 2.12268 2.08333 
2.62537 1.88855 1.66565 2.86803 2.3194 2.37988 1.57405 2.20137 2.73796 1.99649 1.72841 1.5347 1.86803 2.17319 1.57405 1.5347 
2.68585 1.94903 1.72612 2.92851 2.37988 2.44036 1.63452 2.26184 2.79844 2.05697 1.78889 1.59518 1.92851 2.23367 1.63452 1.59518 
1.88001 1.1432 0.920291 2.12268 1.57405 1.63452 0.828689 1.45601 1.9926 1.25114 0.983058 0.789345 1.12268 1.42784 0.828689 0.789345 
2.50733 1.77052 1.54761 2.75 2.20137 2.26184 1.45601 2.08333 2.61992 1.87846 1.61038 1.41667 1.75 2.05516 1.45601 1.41667 
3.04392 2.30711 2.0842 3.28659 2.73796 2.79844 1.9926 2.61992 3.15651 2.41505 2.14697 1.95326 2.28659 2.59175 1.9926 1.95326 
2.30246 1.56564 1.34274 2.54512 1.99649 2.05697 1.25114 1.87846 2.41505 1.67358 1.4055 1.21179 1.54512 1.85028 1.25114 1.21179 
2.03438 1.29756 1.07466 2.27705 1.72841 1.78889 0.983058 1.61038 2.14697 1.4055 1.13743 0.943713 1.27705 1.5822 0.983058 0.943713 
1.84067 1.10385 0.880946 2.08333 1.5347 1.59518 0.789345 1.41667 1.95326 1.21179 0.943713 0.75 1.08333 1.38849 0.789345 0.75 
2.174 1.43718 1.21428 2.41667 1.86803 1.92851 1.12268 1.75 2.28659 1.54512 1.27705 1.08333 1.41667 1.72183 1.12268 1.08333 
2.47916 1.74234 1.51944 2.72183 2.17319 2.23367 1.42784 2.05516 2.59175 1.85028 1.5822 1.38849 1.72183 2.02698 1.42784 1.38849 
1.88001 1.1432 0.920291 2.12268 1.57405 1.63452 0.828689 1.45601 1.9926 1.25114 0.983058 0.789345 1.12268 1.42784 0.828689 0.789345 
1.84067 1.10385 0.880946 2.08333 1.5347 1.59518 0.789345 1.41667 1.95326 1.21179 0.943713 0.75 1.08333 1.38849 0.789345 0.75 
14
2.93133 2.19452 1.97161 3.174 2.62537 2.68585 1.88001 2.50733 3.04392 2.30246 2.03438 1.84067 2.174 2.47916 1.88001 1.84067 
2.19452 1.4577 1.2348 2.43718 1.88855 1.94903 1.1432 1.77052 2.30711 1.56564 1.29756 1.10385 1.43718 1.74234 1.1432 1.10385 
1.97161 1.2348 1.01189 2.21428 1.66565 1.72612 0.920291 1.54761 2.0842 1.34274 1.07466 0.880946 1.21428 1.51944 0.920291 0.880946 
3.174 2.43718 2.21428 3.41667 2.86803 2.92851 2.12268 2.75 3.28659 2.54512 2.27705 2.08333 2.41667 2.72183 2.12268 2.08333 
2.62537 1.88855 1.66565 2.86803 2.3194 2.37988 1.57405 2.20137 2.73796 1.99649 1.72841 1.5347 1.86803 2.17319 1.57405 1.5347 
2.68585 1.94903 1.72612 2.92851 2.37988 2.44036 1.63452 2.26184 2.79844 2.05697 1.78889 1.59518 1.92851 2.23367 1.63452 1.59518 
1.88001 1.1432 0.920291 2.12268 1.57405 1.63452 0.828689 1.45601 1.9926 1.25114 0.983058 0.789345 1.12268 1.42784 0.828689 0.789345 
2.50733 1.77052 1.54761 2.75 2.20137 2.26184 1.45601 2.08333 2.61992 1.87846 1.61038 1.41667 1.75 2.05516 1.45601 1.41667 
3.04392 2.30711 2.0842 3.28659 2.73796 2.79844 1.9926 2.61992 3.15651 2.41505 2.14697 1.95326 2.28659 2.59175 1.9926 1.95326 
2.30246 1.56564 1.34274 2.54512 1.99649 2.05697 1.25114 1.87846 2.41505 1.67358 1.4055 1.21179 1.54512 1.85028 1.25114 1.21179 
2.03438 1.29756 1.07466 2.27705 1.72841 1.78889 0.983058 1.61038 2.14697 1.4055 1.13743 0.943713 1.27705 1.5822 0.983058 0.943713 
1.84067 1.10385 0.880946 2.08333 1.5347 1.59518 0.789345 1.41667 1.95326 1.21179 0.943713 0.75 1.08333 1.38849 0.789345 0.75 
2.174 1.43718 1.21428 2.41667 1.86803 1.92851 1.12268 1.75 2.28659 1.54512 1.27705 1.08333 1.41667 1.72183 1.12268 1.08333 
2.47916 1.74234 1.51944 2.72183 2.17319 2.23367 1.42784 2.05516 2.59175 1.85028 1.5822 1.38849 1.72183 2.02698 1.42784 1.38849 
1.88001 1.1432 0.920291 2.12268 1.57405 1.63452 0.828689 1.45601 1.9926 1.25114 0.983058 0.789345 1.12268 1.42784 0.828689 0.789345 
1.84067 1.10385 0.880946 2.08333 1.5347 1.59518 0.789345 1.41667 1.95326 1.21179 0.943713 0.75 1.08333 1.38849 0.789345 0.75 
15
2.93133 2.19452 1.97161 3.174 2.62537 2.68585 1.88001 2.50733 3.04392 2.30246 2.03438 1.84067 2.174 2.47916 1.88001 1.84067 
2.19452 1.4577 1.2348 2.43718 1.88855 1.94903 1.1432 1.77052 2.30711 1.56564 1.29756 1.10385 1.43718 1.74234 1.1432 1.10385 
1.97161 1.2348 1.01189 2.21428 1.66565 1.72612 0.920291 1.54761 2.0842 1.34274 1.07466 0.880946 1.21428 1.51944 0.920291 0.880946 
3.174 2.43718 2.21428 3.41667 2.86803 2.92851 2.12268 2.75 3.28659 2.54512 2.27705 2.08333 2.41667 2.72183 2.12268 2.08333 
2.62537 1.88855 1.66565 2.86803 2.3194 2.37988 1.57405 2.20137 2.73796 1.99649 1.72841 1.5347 1.86803 2.17319 1.57405 1.5347 
2.68585 1.94903 1.72612 2.92851 2.37988 2.44036 1.63452 2.26184 2.79844 2.05697 1.78889 1.59518 1.92851 2.23367 1.63452 1.59518 
1.88001 1.1432 0.920291 2.12268 1.57405 1.63452 0.828689 1.45601 1.9926 1.25114 0.983058 0.789345 1.12268 1.42784 0.828689 0.789345 
2.50733 1.77052 1.54761 2.75 2.20137 2.26184 1.45601 2.08333 2.61992 1.87846 1.61038 1.41667 1.75 2.05516 1.45601 1.41667 
3.04392 2.30711 2.0842 3.28659 2.73796 2.79844 1.9926 2.61992 3.15651 2.41505 2.14697 1.95326 2.28659 2.59175 1.9926 1.95326 
2.30246 1.56564 1.34274 2.54512 1.99649 2.05697 1.25114 1.87846 2.41505 1.67358 1.4055 1.21179 1.54512 1.85028 1.25114 1.21179 
2.03438 1.29756 1.07466 2.27705 1.72841 1.78889 0.983058 1.61038 2.14697 1.4055 1.13743 0.943713 1.27705 1.5822 0.983058 0.943713 
1.84067 1.10385 0.880946 2.08333 1.5347 1.59518 0.789345 1.41667 1.95326 1.21179 0.943713 0.75 1.08333 1.38849 0.789345 0.75 
2.174 1.43718 1.21428 2.41667 1.86803 1.92851 1.12268 1.75 2.28659 1.54512 1.27705 1.08333 1.41667 1.72183 1.12268 1.08333 
2.47916 1.74234 1.51944 2.72183 2.17319 2.23367 1.42784 2.05516 2.59175 1.85028 1.5822 1.38849 1.72183 2.02698 1.42784 1.38849 
1.88001 1.1432 0.920291 2.12268 1.57405 1.63452 0.828689 1.45601 1.9926 1.25114 0.983058 0.789345 1.12268 1.42784 0.828689 0.789345 
1.84067 1.10385 0.880946 2.08333 1.5347 1.59518 0.789345 1.41667 1.95326 1.21179 0.943713 0.75 1.08333 1.38849 0.789345 0.75 
16
2.93133 2.19452 1.97161 3.174 2.62537 2.68585 1.88001 2.50733 3.04392 2.30246 2.03438 1.84067 2.174 2.47916 1.88001 1.84067 
2.19452 1.4577 1.2348 2.43718 1.88855 1.94903 1.1432 1.77052 2.30711 1.56564 1.29756 1.10385 1.43718 1.74234 1.1432 1.10385 
1.97161 1.2348 1.01189 2.21428 1.66565 1.72612 0.920291 1.54761 2.0842 1.34274 1.07466 0.880946 1.21428 1.51944 0.920291 0.880946 
3.174 2.43718 2.21428 3.41667 2.86803 2.92851 2.12268 2.75 3.28659 2.54512 2.27705 2.08333 2.41667 2.72183 2.12268 2.08333 
2.62537 1.88855 1.66565 2.86803 2.3194 2.37988 1.57405 2.20137 2.73796 1.99649 1.72841 1.5347 1.86803 2.17319 1.57405 1.5347 
2.68585 1.94903 1.72612 2.92851 2.37988 2.44036 1.63452 2.26184 2.79844 2.05697 1.78889 1.59518 1.92851 2.23367 1.63452 1.59518 
1.88001 1.1432 0.920291 2.12268 1.57405 1.63452 0.828689 1.45601 1.9926 1.25114 0.983058 0.789345 1.12268 1.42784 0.828689 0.789345 
2.50733 1.77052 1.54761 2.75 2.20137 2.26184 1.45601 2.08333 2.61992 1.87846 1.61038 1.41667 1.75 2.05516 1.45601 1.41667 
3.04392 2.30711 2.0842 3.28659 2.73796 2.79844 1.9926 2.61992 3.15651 2.41505 2.14697 1.95326 2.28659 2.59175 1.9926 1.95326 
2.30246 1.56564 1.34274 2.54512 1.99649 2.05697 1.25114 1.87846 2.41505 1.67358 1.4055 1.21179 1.54512 1.85028 1.25114 1.21179 
2.03438 1.29756 1.07466 2.27705 1.72841 1.78889 0.983058 1.61038 2.14697 1.4055 1.13743 0.943713 1.27705 1.5822 0.983058 0.943713 
1.84067 1.10385 0.880946 2.08333 1.5347 1.59518 0.789345 1.41667 1.95326 1.21179 0.943713 0.75 1.08333 1.38849 0.789345 0.75 
2.174 1.43718 1.21428 2.41667 1.86803 1.92851 1.12268 1.75 2.28659 1.54512 1.27705 1.08333 1.41667 1.72183 1.12268 1.08333 
2.47916 1.74234 1.51944 2.72183 2.17319 2.23367 1.42784 2.05516 2.59175 1.85028 1.5822 1.38849 1.72183 2.02698 1.42784 1.38849 
1.88001 1.1432 0.920291 2.12268 1.57405 1.63452 0.828689 1.45601 1.9926 1.25114 0.983058 0.789345 1.12268 1.42784 0.828689 0.789345 
1.84067 1.10385 0.880946 2.08333 1.5347 1.59518 0.789345 1.41667 1.95326 1.21179 0.943713 0.75 1.08333 1.38849 0.789345 0.75 
17
2.93133 2.19452 1.97161 3.174 2.62537 2.68585 1.88001 2.50733 3.04392 2.30246 2.03438 1.84067 2.174 2.47916 1.88001 1.84067 
2.19452 1.4577 1.2348 2.43718 1.88855 1.94903 1.1432 1.77052 2.30711 1.56564 1.29756 1.10385 1.43718 1.74234 1.1432 1.10385 
1.97161 1.2348 1.01189 2.21428 1.66565 1.72612 0.920291 1.54761 2.0842 1.34274 1.07466 0.880946 1.21428 1.51944 0.920291 0.880946 
3.174 2.43718 2.21428 3.41667 2.86803 2.92851 2.12268 2.75 3.28659 2.54512 2.27705 2.08333 2.41667 2.72183 2.12268 2.08333 
2.62537 1.88855 1.66565 2.86803 2.3194 2.37988 1.57405 2.20137 2.73796 1.99649 1.72841 1.5347 1.86803 2.17319 1.57405 1.5347 
2.68585 1.94903 1.72612 2.92851 2.37988 2.44036 1.63452 2.26184 2.79844 2.05697 1.78889 1.59518 1.92851 2.23367 1.63452 1.59518 
1.88001 1.1432 0.920291 2.12268 1.57405 1.63452 0.828689 1.45601 1.9926 1.25114 0.983058 0.789345 1.12268 1.42784 0.828689 0.789345 
2.50733 1.77052 1.54761 2.75 2.20137 2.26184 1.45601 2.08333 2.61992 1.87846 1.61038 1.41667 1.75 2.05516 1.45601 1.41667 
3.04392 2.30711 2.0842 3.28659 2.73796 2.79844 1.9926 2.61992 3.15651 2.41505 2.14697 1.95326 2.28659 2.59175 1.9926 1.95326 
2.30246 1.56564 1.34274 2.54512 1.99649 2.05697 1.25114 1.87846 2.41505 1.67358 1.4055 1.21179 1.54512 1.85028 1.25114 1.21179 
2.03438 1.29756 1.07466 2.27705 1.72841 1.78889 0.983058 1.61038 2.14697 1.4055 1.13743 0.943713 1.27705 1.5822 0.983058 0.943713 
1.84067 1.10385 0.880946 2.08333 1.5347 1.59518 0.789345 1.41667 1.95326 1.21179 0.943713 0.75 1.08333 1.38849 0.789345 0.75 
2.174 1.43718 1.21428 2.41667 1.86803 1.92851 1.12268 1.75 2.28659 1.54512 1.27705 1.08333 1.41667 1.72183 1.12268 1.08333 
2.47916 1.74234 1.51944 2.72183 2.17319 2.23367 1.42784 2.05516 2.59175 1.85028 1.5822 1.38849 1.72183 2.02698 1.42784 1.38849 
1.88001 1.1432 0.920291 2.12268 1.57405 1.63452 0.828689 1.45601 1.9926 1.25114 0.983058 0.789345 1.12268 1.42784 0.828689 0.789345 
1.84067 1.10385 0.880946 2.08333 1.5347 1.59518 0.789345 1.41667 1.95326 1.21179 0.943713 0.75 1.08333 1.38849 0.789345 0.75 
18
2.93133 2.19452 1.97161 3.174 2.62537 2.68585 1.88001 2.50733 3.04392 2.30246 2.03438 1.84067 2.174 2.47916 1.88001 1.84067 
2.19452 1.4577 1.2348 2.43718 1.88855 1.94903 1.1432 1.77052 2.30711 1.56564 1.29756 1.10385 1.43718 1.74234 1.1432 1.10385 
1.97161 1.2348 1.01189 2.21428 1.66565 1.72612 0.920291 1.54761 2.0842 1.34274 1.07466 0.880946 1.21428 1.51944 0.920291 0.880946 
3.174 2.43718 2.21428 3.41667 2.86803 2.92851 2.12268 2.75 3.28659 2.54512 2.27705 2.08333 2.41667 2.72183 2.12268 2.08333 
2.62537 1.88855 1.66565 2.86803 2.3194 2.37988 1.57405 2.20137 2.73796 1.99649 1.72841 1.5347 1.86803 2.17319 1.57405 1.5347 
2.68585 1.94903 1.72612 2.92851 2.37988 2.44036 1.63452 2.26184 2.79844 2.05697 1.78889 1.59518 1.92851 2.23367 1.63452 1.59518 
1.88001 1.1432 0.920291 2.12268 1.57405 1.63452 0.828689 1.45601 1.9926 1.25114 0.983058 0.789345 1.12268 1.42784 0.828689 0.789345 
2.50733 1.77052 1.54761 2.75 2.20137 2.26184 1.45601 2.08333 2.61992 1.87846 1.61038 1.41667 1.75 2.05516 1.45601 1.41667 
3.04392 2.30711 2.0842 3.28659 2.73796 2.79844 1.9926 2.61992 3.15651 2.41505 2.14697 1.95326 2.28659 2.59175 1.9926 1.95326 
2.30246 1.56564 1.34274 2.54512 1.99649 2.05697 1.25114 1.87846 2.41505 1.67358 1.4055 1.21179 1.54512 1.85028 1.25114 1.21179 
2.03438 1.29756 1.07466 2.27705 1.72841 1.78889 0.983058 1.61038 2.14697 1.4055 1.13743 0.943713 1.27705 1.5822 0.983058 0.943713 
1.84067 1.10385 0.880946 2.08333 1.5347 1.59518 0.789345 1.41667 1.95326 1.21179 0.943713 0.75 1.08333 1.38849 0.789345 0.75 
2.174 1.43718 1.21428 2.41667 1.86803 1.92851 1.12268 1.75 2.28659 1.54512 1.27705 1.08333 1.41667 1.72183 1.12268 1.08333 
2.47916 1.74234 1.51944 2.72183 2.17319 2.23367 1.42784 2.05516 2.59175 1.85028 1.5822 1.38849 1.72183 2.02698 1.42784 1.38849 
1.88001 1.1432 0.920291 2.12268 1.57405 1.63452 0.828689 1.45601 1.9926 1.25114 0.983058 0.789345 1.12268 1.42784 0.828689 0.789345 
1.84067 1.10385 0.880946 2.08333 1.5347 1.59518 0.789345 1.41667 1.95326 1.21179 0.943713 0.75 1.08333 1.38849 0.789345 0.75 
19
2.93133 2.19452 1.97161 3.174 2.62537 2.68585 1.88001 2.50733 3.04392 2.30246 2.03438 1.84067 2.174 2.47916 1.88001 1.84067 
2.19452 1.4577 1.2348 2.43718 1.88855 1.94903 1.1432 1.77052 2.30711 1.56564 1.29756 1.10385 1.43718 1.74234 1.1432 1.10385 
1.97161 1.2348 1.01189 2.21428 1.66565 1.72612 0.920291 1.54761 2.0842 1.34274 1.07466 0.880946 1.21428 1.51944 0.920291 0.880946 
3.174 2.43718 2.21428 3.41667 2.86803 2.92851 2.12268 2.75 3.28659 2.54512 2.27705 2.08333 2.41667 2.72183 2.12268 2.08333 
2.62537 1.88855 1.66565 2.86803 2.3194 2.37988 1.57405 2.20137 2.73796 1.99649 1.72841 1.5347 1.86803 2.17319 1.57405 1.5347 
2.68585 1.94903 1.72612 2.92851 2.37988 2.44036 1.63452 2.26184 2.79844 2.05697 1.78889 1.59518 1.92851 2.23367 1.63452 1.59518 
1.88001 1.1432 0.920291 2.12268 1.57405 1.63452 0.828689 1.45601 1.9926 1.25114 0.983058 0.789345 1.12268 1.42784 0.828689 0.789345 
2.50733 1.77052 1.54761 2.75 2.20137 2.26184 1.45601 2.08333 2.61992 1.87846 1.61038 1.41667 1.75 2.05516 1.45601 1.41667 
3.04392 2.30711 2.0842 3.28659 2.73796 2.79844 1.9926 2.61992 3.15651 2.41505 2.14697 1.95326 2.28659 2.59175 1.9926 1.95326 
2.30246 1.56564 1.34274 2.54512 1.99649 2.05697 1.25114 1.87846 2.41505 1.67358 1.4055 1.21179 1.54512 1.85028 1.25114 1.21179 
2.03438 1.29756 1.07466 2.27705 1.72841 1.78889 0.983058 1.61038 2.14697 1.4055 1.13743 0.943713 1.27705 1.5822 0.983058 0.943713 
1.84067 1.10385 0.880946 2.08333 1.5347 1.59518 0.789345 1.41667 1.95326 1.21179 0.943713 0.75 1.08333 1.38849 0.789345 0.75 
2.174 1.43718 1.21428 2.41667 1.86803 1.92851 1.12268 1.75 2.28659 1.54512 1.27705 1.08333 1.41667 1.72183 1.12268 1.08333 
2.47916 1.74234 1.51944 2.72183 2.17319 2.23367 1.42784 2.05516 2.59175 1.85028 1.5822 1.38849 1.72183 2.02698 1.42784 1.38849 
1.88001 1.1432 0.920291 2.12268 1.57405 1.63452 0.828689 1.45601 1.9926 1.25114 0.983058 0.789345 1.12268 1.42784 0.828689 0.789345 
1.84067 1.10385 0.880946 2.08333 1.5347 1.59518 0.789345 1.41667 1.95326 1.21179 0.943713 0.75 1.08333 1.38849 0.789345 0.75 
20
2.93133 2.19452 1.97161 3.174 2.62537 2.68585 1.88001 2.50733 3.04392 2.30246 2.03438 1.84067 2.174 2.47916 1.88001 1.84067 
2.19452 1.4577 1.2348 2.43718 1.88855 1.94903 1.1432 1.77052 2.30711 1.56564 1.29756 1.10385 1.43718 1.74234 1.1432 1.10385 
1.97161 1.2348 1.01189 2.21428 1.66565 1.72612 0.920291 1.54761 2.0842 1.34274 1.07466 0.880946 1.21428 1.51944 0.920291 0.880946 
3.174 2.43718 2.21428 3.41667 2.86803 2.92851 2.12268 2.75 3.28659 2.54512 2.27705 2.08333 2.41667 2.72183 2.12268 2.08333 
2.62537 1.88855 1.66565 2.86803 2.3194 2.37988 1.57405 2.20137 2.73796 1.99649 1.72841 1.5347 1.86803 2.17319 1.57405 1.5347 
2.68585 1.94903 1.72612 2.92851 2.37988 2.44036 1.63452 2.26184 2.79844 2.05697 1.78889 1.59518 1.92851 2.23367 1.63452 1.59518 
1.88001 1.1432 0.920291 2.12268 1.57405 1.63452 0.828689 1.45601 1.9926 1.25114 0.983058 0.789345 1.12268 1.42784 0.828689 0.789345 
2.50733 1.77052 1.54761 2.75 2.20137 2.26184 1.45601 2.08333 2.61992 1.87846 1.61038 1.41667 1.75 2.05516 1.45601 1.41667 
3.04392 2.30711 2.0842 3.28659 2.73796 2.79844 1.9926 2.61992 3.15651 2.41505 2.14697 1.95326 2.28659 2.59175 1.9926 1.95326 
2.30246 1.56564 1.34274 2.54512 1.99649 2.05697 1.25114 1.87846 2.41505 1.67358 1.4055 1.21179 1.54512 1.85028 1.25114 1.21179 
2.03438 1.29756 1.07466 2.27705 1.72841 1.78889 0.983058 1.61038 2.14697 1.4055 1.13743 0.943713 1.27705 1.5822 0.983058 0.943713 
1.84067 1.10385 0.880946 2.08333 1.5347 1.59518 0.789345 1.41667 1.95326 1.21179 0.943713 0.75 1.08333 1.38849 0.789345 0.75 
2.174 1.43718 1.21428 2.41667 1.86803 1.92851 1.12268 1.75 2.28659 1.54512 1.27705 1.08333 1.41667 1.72183 1.12268 1.08333 
2.47916 1.74234 1.51944 2.72183 2.17319 2.23367 1.42784 2.05516 2.59175 1.85028 1.5822 1.38849 1.72183 2.02698 1.42784 1.38849 
1.88001 1.1432 0.920291 2.12268 1.57405 1.63452 0.828689 1.45601 1.9926 1.25114 0.983058 0.789345 1.12268 1.42784 0.828689 0.789345 
1.84067 1.10385 0.880946 2.08333 1.5347 1.59518 0.789345 1.41667 1.95326 1.21179 0.943713 0.75 1.08333 1.38849 0.789345 0.75 
8 8.5 8 9 9.5 11 12 13 13 8 8.5 9.5 10 12 13 13.5 
9 9.5 9.5 10.5 11.5 13 14 14.5 14 9.5 10 12.5 13 14 14.5 15 
7 7 
18 18 
